0.04527
0.04623
0.04709
0.04804
0.04718
0.04462
0.04617
0.04297
0.04412
0.04527
0.04879
0.0423
0.04424
0.04554
0.05099
0.04895
0.04846
0.04803
0.04889
0.0499
0.05393
0.0547
0.05728
0.0568
0.06671
0.06053
0.06321
0.05701
0.06012
0.06284
0.06
0.06111
0.0616
0.06091
0.0645
0.06346
0.06366
0.06372
0.06433
0.07166
0.06883
0.07296
0.06783
0.06775
0.06723
0.06644
0.06881
0.07587
0.07131
0.07049
0.0438
0.04522
0.04652
0.04304
0.05064
0.05101
0.04634
0.04722
0.04569
0.04789
0.04632
0.04663
0.0504
0.05094
0.05281
0.05213
0.05973
0.05805
0.06793
0.06908
0.06251
0.06722
0.05884
0.06874
0.05982
0.05975
0.09315
0.06465
0.06747
0.07434
0.0662
0.07843
0.06515
0.07056
0.07087
0.07538
0.07648
0.0712
0.06727
0.07008
0.07158
0.07184
0.06827
0.07277
0.08346
0.06722
0.07099
0.07465
0.06827
0.0705
0.04447
0.049
0.05068
0.0486
0.05133
0.05051
0.05693
0.05399
0.05482
0.06655
0.06081
0.06103
0.07291
0.07273
0.0671
0.06287
0.0668
0.0666
0.06815
0.07112
0.07383
0.06622
0.07183
0.0794
0.07578
0.0777
0.07304
0.07229
0.07353
0.08063
0.07781
0.08267
0.07288
0.07859
0.0716
0.08321
0.07947
0.08208
0.07361
0.07725
0.07418
0.0845
0.07647
0.07065
0.08466
0.07501
0.07098
0.07295
0.08161
0.06813
0.05043
0.04379
0.04341
0.06033
0.04321
0.04646
0.04303
0.04335
0.04374
0.04436
0.05791
0.04295
0.0445
0.04353
0.04355
0.04386
0.05155
0.05078
0.05208
0.05548
0.06161
0.05264
0.0525
0.05568
0.05519
0.05558
0.06966
0.05863
0.05998
0.07097
0.06662
0.08329
0.06752
0.07438
0.06334
0.06268
0.06713
0.06421
0.07197
0.0669
0.06768
0.06633
0.07141
0.06748
0.06743
0.06872
0.07097
0.08304
0.06759
0.06905
0.0726
0.06688
0.0734
0.06952
0.08341
0.07398
0.06827
0.07386
0.10596
0.08284
0.07726
0.08063
0.10628
0.07712
0.08579
0.07051
0.07119
0.07388
0.07048
0.07362
0.07722
0.08054
0.07102
0.07146
0.07222
0.07838
0.07125
0.10682
0.07217
0.0725
0.0782
0.06986
0.07145
0.07423
0.07044
0.07905
0.07837
0.08695
0.07426
0.07868
0.06368
0.07722
0.07848
0.08581
0.0619
0.07371
0.08195
0.07201
0.08689
0.07369
