0.04766
0.04696
0.04878
0.04893
0.05324
0.0508
0.05343
0.05074
0.04871
0.04867
0.04844
0.0474
0.04754
0.05111
0.04713
0.0532
0.05811
0.06104
0.06654
0.06103
0.05963
0.07622
0.06208
0.0646
0.06811
0.07789
0.06713
0.0689
0.06907
0.07193
0.07424
0.09491
0.07858
0.06898
0.08171
0.06862
0.07906
0.06922
0.08509
0.08126
0.08663
0.07991
0.08447
0.07162
0.07301
0.07085
0.08172
0.0728
0.08275
0.07333
0.05068
0.04604
0.04906
0.05058
0.05223
0.0483
0.04976
0.04674
0.05405
0.04945
0.05519
0.05655
0.05455
0.05662
0.05753
0.06844
0.07355
0.06208
0.07113
0.06503
0.06874
0.08703
0.07144
0.07401
0.06818
0.07551
0.08474
0.07317
0.05793
0.08249
0.07316
0.07303
0.07478
0.0697
0.0809
0.07978
0.07773
0.08162
0.0741
0.07727
0.08263
0.08033
0.08282
0.077
0.07902
0.07811
0.07916
0.08957
0.07856
0.09039
0.0464
0.04618
0.0585
0.05365
0.06159
0.0657
0.06575
0.0606
0.0627
0.07691
0.06819
0.06621
0.06962
0.07752
0.0688
0.0777
0.07964
0.09433
0.08471
0.08134
0.08144
0.07868
0.07038
0.08508
0.08511
0.09571
0.0784
0.07929
0.07988
0.08985
0.08889
0.08394
0.07854
0.08719
0.08576
0.08628
0.08343
0.08947
0.08847
0.08863
0.08371
0.08291
0.09263
0.09056
0.07861
0.08237
0.08012
0.08955
0.08768
0.07702
0.05609
0.04601
0.07082
0.04952
0.05161
0.0493
0.05135
0.04708
0.05132
0.05181
0.04743
0.04688
0.04923
0.04829
0.04815
0.05635
0.05691
0.1065
0.06986
0.05594
0.08157
0.06513
0.06153
0.05942
0.07177
0.06683
0.07084
0.06381
0.07148
0.07351
0.06579
0.10722
0.08151
0.08583
0.07436
0.14213
0.07461
0.06994
0.08051
0.07252
0.10704
0.07985
0.10688
0.07894
0.08081
0.08027
0.07572
0.08121
0.07862
0.08143
0.07024
0.08
0.07476
0.08196
0.1066
0.07892
0.10236
0.12398
0.09257
0.15957
0.07962
0.08506
0.09763
0.11787
0.08737
0.07994
0.11428
0.08908
0.07873
0.0852
0.08247
0.08344
0.08354
0.0838
0.09412
0.12393
0.07635
0.07934
0.16553
0.08845
0.08517
0.07722
0.08124
0.07957
0.08919
0.09768
0.09004
0.0812
0.08686
0.08165
0.08136
0.09486
0.08414
0.10653
0.07381
0.08592
0.08193
0.08362
0.08551
0.07811
