0.0435
0.04243
0.04364
0.04491
0.04532
0.04376
0.04642
0.04361
0.04268
0.04596
0.05049
0.04766
0.04425
0.04371
0.045
0.05151
0.04923
0.05689
0.05459
0.05219
0.05908
0.05875
0.05819
0.06098
0.05186
0.05983
0.07877
0.06732
0.06767
0.06439
0.06497
0.07418
0.07108
0.06943
0.07107
0.07081
0.0704
0.06931
0.0803
0.07419
0.07481
0.07035
0.07289
0.07146
0.07299
0.07509
0.06972
0.07344
0.07265
0.07158
0.04644
0.04302
0.05456
0.04409
0.04789
0.04459
0.04591
0.04454
0.048
0.04402
0.05332
0.04715
0.05198
0.05738
0.05287
0.06027
0.06238
0.06617
0.06853
0.05911
0.06546
0.0711
0.05964
0.07033
0.0623
0.07068
0.0653
0.06596
0.06701
0.06716
0.06769
0.07318
0.06668
0.07649
0.0667
0.06853
0.06975
0.07523
0.07134
0.07568
0.0705
0.06971
0.0715
0.06898
0.0737
0.07356
0.09928
0.07165
0.07659
0.07875
0.04413
0.04234
0.04795
0.05264
0.05955
0.05054
0.06178
0.05391
0.07048
0.05879
0.06642
0.06323
0.06212
0.06901
0.06481
0.06434
0.06626
0.06862
0.06756
0.07478
0.0741
0.07526
0.07798
0.07767
0.07434
0.08217
0.07394
0.07219
0.07462
0.07625
0.07491
0.07686
0.07259
0.0788
0.0887
0.10128
0.07321
0.08073
0.08243
0.08223
0.08685
0.08121
0.07766
0.07641
0.07137
0.0767
0.07236
0.08402
0.08128
0.07176
0.05541
0.05033
0.04866
0.04859
0.04579
0.04364
0.04505
0.0439
0.04359
0.04842
0.04995
0.0468
0.04478
0.04327
0.05421
0.05546
0.05828
0.0569
0.05107
0.05706
0.06405
0.05309
0.05769
0.06345
0.05601
0.06015
0.06047
0.05899
0.05819
0.06089
0.06879
0.07032
0.07004
0.06656
0.07029
0.08751
0.08827
0.06588
0.09219
0.07135
0.06632
0.07677
0.06961
0.06892
0.06861
0.0732
0.10438
0.07146
0.07425
0.08238
0.06536
0.07081
0.06877
0.07911
0.07791
0.0715
0.07031
0.07007
0.08325
0.15743
0.10568
0.08319
0.07687
0.08583
0.08011
0.07649
0.08175
0.07575
0.07834
0.08529
0.08543
0.07993
0.08382
0.07417
0.0823
0.07502
0.07968
0.07826
0.08378
0.08133
0.08133
0.07626
0.07832
0.07867
0.07771
0.08337
0.08264
0.07765
0.08083
0.07345
0.07383
0.12081
0.08573
0.08098
0.07273
0.07889
0.08904
0.07771
0.07674
0.08267
