0.05257
0.04859
0.04664
0.04924
0.0491
0.04893
0.04855
0.06261
0.04756
0.05354
0.04945
0.05076
0.05111
0.04692
0.05147
0.04782
0.04884
0.05853
0.06109
0.0541
0.05601
0.05927
0.06267
0.06115
0.058
0.07315
0.06779
0.0642
0.06453
0.06496
0.07087
0.06956
0.07846
0.07898
0.07288
0.06659
0.07608
0.06994
0.08303
0.07589
0.07968
0.07759
0.07521
0.07123
0.07083
0.0712
0.08212
0.07024
0.07794
0.07605
0.05389
0.04838
0.05605
0.04709
0.05019
0.04902
0.04969
0.05128
0.05605
0.0568
0.05592
0.06479
0.0533
0.05301
0.05833
0.06189
0.06967
0.06198
0.06887
0.06241
0.07424
0.07089
0.06779
0.07469
0.06665
0.07498
0.07566
0.07215
0.06385
0.07856
0.07829
0.07397
0.07323
0.0704
0.0732
0.07866
0.08579
0.0761
0.07721
0.07894
0.08151
0.07729
0.08353
0.08915
0.08097
0.07577
0.0922
0.08592
0.08123
0.08324
0.05369
0.05011
0.05509
0.05514
0.05796
0.06261
0.05748
0.06085
0.07164
0.0677
0.06241
0.0678
0.06899
0.07786
0.07091
0.07801
0.06985
0.0786
0.07888
0.08231
0.09246
0.07379
0.08112
0.08293
0.08363
0.08537
0.08297
0.07786
0.08281
0.08587
0.08532
0.08791
0.08483
0.0817
0.08336
0.08782
0.09045
0.08522
0.08289
0.09172
0.09196
0.07963
0.06989
0.08354
0.07869
0.08327
0.097
0.08279
0.08307
0.07509
0.05679
0.04695
0.06656
0.04971
0.05136
0.04799
0.05024
0.04631
0.04701
0.04714
0.04793
0.05375
0.05487
0.05405
0.05261
0.05374
0.05661
0.06619
0.06562
0.06076
0.06083
0.06064
0.0651
0.06988
0.06206
0.06242
0.06716
0.06473
0.07629
0.06819
0.07
0.08594
0.07137
0.07819
0.07175
0.07603
0.07921
0.16651
0.13538
0.08754
0.07428
0.11738
0.07838
0.07243
0.07367
0.08557
0.07963
0.08233
0.09354
0.08466
0.08532
0.07509
0.07493
0.0828
0.08702
0.14231
0.1199
0.08833
0.08457
0.12618
0.08337
0.07566
0.09619
0.09928
0.08091
0.08133
0.14631
0.08688
0.09247
0.0827
0.0824
0.12104
0.08359
0.08362
0.07982
0.10755
0.08433
0.11733
0.0942
0.0805
0.08558
0.08637
0.07961
0.08403
0.10779
0.08394
0.087
0.08343
0.08105
0.08189
0.08606
0.08536
0.09033
0.09497
0.0722
0.08629
0.08607
0.0845
0.10073
0.08314
0.09275
