0.04724
0.0446
0.04521
0.04398
0.04398
0.04587
0.05423
0.04333
0.04511
0.04209
0.04615
0.04559
0.04357
0.04871
0.0461
0.04573
0.04785
0.04649
0.04946
0.05141
0.05468
0.05257
0.05397
0.05478
0.05546
0.05421
0.05654
0.05869
0.05971
0.05941
0.06524
0.06014
0.0626
0.06266
0.0621
0.06314
0.06336
0.06041
0.06246
0.06232
0.06647
0.0677
0.06519
0.06305
0.08285
0.06989
0.07729
0.06616
0.06698
0.07453
0.04303
0.04215
0.04721
0.04372
0.04283
0.04385
0.04361
0.04354
0.04404
0.04344
0.04556
0.06531
0.05169
0.05318
0.05604
0.05418
0.05439
0.05562
0.05817
0.07225
0.07017
0.05726
0.06127
0.06359
0.06342
0.0663
0.08192
0.06056
0.05801
0.07225
0.07889
0.0746
0.0644
0.06756
0.0679
0.06739
0.06746
0.0797
0.07088
0.06926
0.07094
0.06952
0.07234
0.06914
0.07355
0.08236
0.07937
0.07037
0.08345
0.07524
0.04419
0.04274
0.05087
0.05313
0.05436
0.05071
0.06271
0.05945
0.05877
0.05636
0.06303
0.06024
0.07392
0.06227
0.06709
0.06695
0.07034
0.06445
0.07147
0.07363
0.07687
0.06734
0.07717
0.07775
0.07344
0.07575
0.06982
0.07105
0.08072
0.08047
0.07495
0.07544
0.07535
0.07616
0.07293
0.07748
0.08401
0.07279
0.08156
0.07934
0.0812
0.07826
0.06459
0.08071
0.07813
0.07574
0.08254
0.07756
0.08268
0.06936
0.04681
0.0436
0.04307
0.04307
0.04305
0.04351
0.04415
0.04324
0.05193
0.04888
0.04459
0.04276
0.04309
0.04269
0.04342
0.04688
0.05116
0.06243
0.08411
0.05254
0.05321
0.05532
0.0589
0.0586
0.05823
0.05987
0.06706
0.05747
0.06305
0.06114
0.05988
0.06465
0.08644
0.06652
0.12004
0.06863
0.07815
0.06928
0.06644
0.07918
0.0684
0.07596
0.07335
0.08412
0.06952
0.06868
0.0901
0.07525
0.10091
0.0717
0.06674
0.07204
0.10324
0.07534
0.07959
0.08737
0.08143
0.092
0.07919
0.08403
0.07373
0.07647
0.07244
0.07552
0.10217
0.07924
0.07249
0.08521
0.0717
0.07655
0.07181
0.07177
0.07705
0.07893
0.08241
0.07702
0.08817
0.05658
0.07472
0.07063
0.08033
0.07997
0.11596
0.0838
0.07197
0.0769
0.08948
0.08225
0.08575
0.08878
0.08459
0.07564
0.08121
0.09299
0.0765
0.08242
0.07505
0.08547
0.10972
0.06806
0.05759
0.1254
