0.0493
0.05229
0.05261
0.05584
0.05533
0.05461
0.05544
0.05017
0.052
0.05725
0.0562
0.05281
0.05512
0.05653
0.05407
0.05771
0.05922
0.05492
0.06087
0.06329
0.06244
0.06351
0.06507
0.06565
0.07218
0.10352
0.07419
0.07003
0.06779
0.07693
0.0693
0.07541
0.0789
0.07658
0.07613
0.09829
0.07629
0.06524
0.07224
0.08165
0.07501
0.07751
0.08238
0.0813
0.08308
0.08229
0.08263
0.08551
0.0867
0.0789
0.05147
0.05078
0.05108
0.04938
0.05507
0.05235
0.0496
0.05565
0.05556
0.05236
0.05841
0.05507
0.05926
0.06575
0.06033
0.06287
0.07787
0.07107
0.06819
0.08488
0.07533
0.06563
0.08258
0.07592
0.07092
0.07197
0.08378
0.06028
0.07469
0.07347
0.08653
0.08278
0.08259
0.08258
0.0783
0.08033
0.08472
0.0843
0.08033
0.08426
0.07855
0.08665
0.07935
0.09651
0.07942
0.08043
0.08953
0.08144
0.0904
0.08023
0.05219
0.04986
0.05533
0.05518
0.0577
0.06846
0.06871
0.07331
0.07671
0.06698
0.08102
0.09234
0.07556
0.07376
0.07419
0.07952
0.08112
0.08379
0.0806
0.08212
0.09517
0.097
0.08032
0.08475
0.08537
0.09766
0.09325
0.08654
0.081
0.08961
0.08987
0.09278
0.08641
0.08882
0.08908
0.08371
0.09075
0.08933
0.08847
0.09016
0.08522
0.08914
0.07189
0.09216
0.09143
0.09177
0.08442
0.09333
0.08177
0.07913
0.05287
0.05397
0.05176
0.06145
0.05068
0.05146
0.05168
0.05371
0.04989
0.05005
0.0561
0.05897
0.05087
0.05229
0.05353
0.05427
0.0897
0.09502
0.05814
0.06007
0.08971
0.06182
0.06113
0.06288
0.07432
0.06575
0.06833
0.06432
0.0745
0.07342
0.07496
0.06414
0.10148
0.07729
0.09879
0.07784
0.07913
0.06054
0.07541
0.10534
0.07859
0.0863
0.07618
0.0752
0.07895
0.08531
0.08262
0.11728
0.07707
0.07774
0.07993
0.08335
0.08746
0.09516
0.0899
0.1211
0.13784
0.10524
0.1546
0.08934
0.09842
0.09519
0.08601
0.0839
0.09681
0.08588
0.07267
0.09541
0.1235
0.08841
0.09569
0.07149
0.07951
0.0867
0.08803
0.08837
0.08658
0.10087
0.11987
0.06415
0.09078
0.08882
0.07008
0.09888
0.09544
0.08007
0.12652
0.09103
0.08698
0.06562
0.07404
0.08737
0.09303
0.06818
0.0789
0.12076
0.09206
0.09326
0.10196
0.07342
