0.04694
0.04796
0.04248
0.04276
0.05019
0.04713
0.04583
0.04994
0.04861
0.04931
0.05339
0.04779
0.0457
0.05165
0.04407
0.05194
0.04923
0.04994
0.05191
0.05363
0.06341
0.06013
0.06342
0.06111
0.06289
0.05987
0.05683
0.06297
0.0598
0.06012
0.06568
0.06315
0.06236
0.06312
0.06278
0.06326
0.06395
0.06532
0.05741
0.0678
0.0647
0.06918
0.06628
0.06742
0.0699
0.07001
0.06917
0.06776
0.0679
0.06932
0.0458
0.04632
0.04216
0.04399
0.04885
0.05149
0.05371
0.04313
0.04251
0.04432
0.04525
0.04715
0.05143
0.05005
0.05187
0.05219
0.06281
0.05786
0.06159
0.10172
0.05757
0.06234
0.0634
0.06753
0.05905
0.05973
0.06146
0.06393
0.05259
0.06958
0.06345
0.07221
0.07018
0.0683
0.06464
0.06559
0.07748
0.06376
0.06579
0.06859
0.07212
0.08213
0.06789
0.06933
0.08752
0.06846
0.07011
0.07008
0.06881
0.0734
0.04925
0.04421
0.04827
0.06209
0.04991
0.05377
0.05213
0.05309
0.05395
0.06476
0.06031
0.06071
0.06667
0.07538
0.06125
0.06437
0.06467
0.06638
0.06964
0.07104
0.07755
0.06626
0.09044
0.07048
0.07218
0.07268
0.06724
0.06933
0.07158
0.07077
0.07145
0.07515
0.07821
0.0702
0.0758
0.07368
0.07165
0.07966
0.07402
0.07524
0.07151
0.09005
0.07268
0.07095
0.07404
0.07611
0.07044
0.07111
0.07987
0.06785
0.04677
0.04424
0.05001
0.0503
0.04624
0.04736
0.04563
0.04388
0.04353
0.04553
0.04528
0.04328
0.0456
0.04333
0.04349
0.04515
0.04717
0.05031
0.0493
0.05154
0.05363
0.09893
0.05433
0.07852
0.05615
0.06469
0.06434
0.06804
0.06075
0.06239
0.06377
0.07078
0.06793
0.06687
0.06717
0.07954
0.06587
0.07173
0.06737
0.06329
0.06592
0.06609
0.07259
0.06988
0.07456
0.07067
0.07298
0.07292
0.07694
0.07161
0.09142
0.08186
0.08262
0.08807
0.08379
0.08415
0.06923
0.08505
0.07226
0.1259
0.09461
0.07209
0.0798
0.06984
0.08103
0.07213
0.07331
0.09247
0.08469
0.07284
0.0765
0.08066
0.07259
0.07564
0.08353
0.07427
0.06798
0.08897
0.07607
0.08286
0.07697
0.07401
0.07322
0.08611
0.07046
0.08297
0.08529
0.0828
0.07817
0.08112
0.06712
0.07608
0.07541
0.0796
0.07023
0.05774
0.07733
0.07774
0.08105
0.07012
0.05937
0.05728
