0.05909
0.05359
0.05061
0.04594
0.04619
0.04949
0.0488
0.04426
0.05017
0.05157
0.04992
0.04865
0.0501
0.0484
0.04677
0.06313
0.05402
0.05542
0.05538
0.05656
0.05981
0.06233
0.05956
0.06269
0.0683
0.06724
0.09853
0.06458
0.06517
0.06888
0.06481
0.06787
0.06709
0.06991
0.07337
0.07309
0.08921
0.05863
0.0763
0.07525
0.07215
0.07681
0.08067
0.08001
0.07377
0.075
0.07792
0.0733
0.07968
0.0785
0.04825
0.04508
0.05224
0.04496
0.04581
0.04903
0.04989
0.04687
0.04744
0.04478
0.05342
0.05326
0.05321
0.05641
0.05772
0.06118
0.05993
0.0612
0.06095
0.07201
0.0675
0.0625
0.06464
0.0636
0.06559
0.07716
0.07586
0.05108
0.07204
0.07568
0.07729
0.07901
0.07583
0.07593
0.07156
0.07628
0.07048
0.0878
0.07351
0.07586
0.07218
0.07334
0.07456
0.07378
0.08549
0.07369
0.07945
0.08848
0.07915
0.07097
0.04412
0.04431
0.04988
0.05586
0.06134
0.0551
0.05787
0.06873
0.0766
0.06889
0.06354
0.06509
0.06763
0.06641
0.07299
0.07045
0.06913
0.07675
0.07864
0.08044
0.07752
0.08634
0.07217
0.08052
0.08561
0.07685
0.07584
0.08442
0.08021
0.08223
0.08686
0.0891
0.08088
0.08405
0.07926
0.08517
0.08478
0.08324
0.07641
0.08285
0.08723
0.07732
0.06027
0.0881
0.07464
0.08451
0.08859
0.08233
0.07545
0.07556
0.05189
0.04549
0.04736
0.04619
0.04483
0.04495
0.04603
0.04515
0.04542
0.04761
0.04898
0.04827
0.04681
0.04503
0.04782
0.05022
0.05316
0.05312
0.0573
0.06435
0.06417
0.05711
0.05648
0.06188
0.0648
0.06013
0.06091
0.06567
0.06298
0.06834
0.07174
0.06062
0.06488
0.07203
0.1543
0.09543
0.0677
0.06283
0.11137
0.07727
0.0699
0.08007
0.09622
0.07067
0.07065
0.0792
0.08654
0.0824
0.08379
0.07281
0.08299
0.07758
0.07404
0.08611
0.08438
0.08606
0.07818
0.09288
0.10702
0.08011
0.10489
0.08011
0.0787
0.07808
0.08444
0.08602
0.07129
0.10443
0.10882
0.08459
0.09076
0.07258
0.08407
0.08005
0.12236
0.07568
0.09282
0.07932
0.06942
0.0774
0.07845
0.08269
0.08552
0.07447
0.08105
0.07615
0.0833
0.08121
0.07938
0.08227
0.08854
0.09078
0.07769
0.09249
0.06571
0.08292
0.08473
0.08135
0.08911
0.07147
