0.07877
0.07696
0.07972
0.07278
0.06936
0.07575
0.07703
0.0721
0.07525
0.07398
0.0795
0.07146
0.0742
0.07198
0.07315
0.08106
0.08295
0.08391
0.08845
0.08928
0.08866
0.08997
0.09568
0.09492
0.09407
0.09755
0.1162
0.10433
0.10318
0.10649
0.10063
0.10632
0.10404
0.11399
0.1172
0.11247
0.1175
0.08668
0.11488
0.11319
0.1145
0.11041
0.11637
0.11329
0.11722
0.11856
0.1201
0.11758
0.1157
0.11888
0.07898
0.07292
0.07367
0.07678
0.0814
0.07199
0.06891
0.06989
0.0676
0.0743
0.08033
0.08422
0.07997
0.0887
0.08197
0.09282
0.0896
0.09409
0.10509
0.09601
0.10507
0.09335
0.10313
0.09939
0.10324
0.09887
0.11228
0.09202
0.10826
0.11085
0.13017
0.11566
0.11428
0.1079
0.11109
0.10321
0.10789
0.11744
0.11734
0.1089
0.10783
0.11472
0.10849
0.11088
0.11481
0.11424
0.11487
0.13235
0.11641
0.11963
0.07415
0.07236
0.07906
0.08185
0.08467
0.08556
0.09254
0.09633
0.10481
0.09631
0.09837
0.09902
0.09964
0.10025
0.10917
0.12649
0.11339
0.10437
0.12791
0.12645
0.12454
0.11102
0.12022
0.12349
0.12874
0.12392
0.12466
0.12422
0.11975
0.12992
0.13598
0.13613
0.1248
0.12677
0.12441
0.13113
0.12282
0.11989
0.12695
0.12837
0.13732
0.12855
0.10689
0.13027
0.11454
0.11423
0.12312
0.12278
0.11513
0.13524
0.07531
0.07472
0.08202
0.08071
0.07105
0.07619
0.0687
0.07456
0.07059
0.0745
0.06861
0.07929
0.07451
0.07224
0.08064
0.07836
0.08904
0.08795
0.0892
0.08954
0.09566
0.10875
0.09279
0.08965
0.09846
0.09401
0.09198
0.09156
0.10572
0.11036
0.10235
0.09352
0.09846
0.11095
0.0913
0.11348
0.13461
0.10516
0.10391
0.10517
0.1084
0.10986
0.11614
0.1127
0.11031
0.11473
0.11979
0.21196
0.13854
0.11341
0.10901
0.10811
0.12666
0.12479
0.14239
0.14228
0.14885
0.12503
0.14919
0.1224
0.13896
0.13775
0.12288
0.11598
0.11345
0.11225
0.12452
0.13739
0.11961
0.1166
0.15133
0.11457
0.11202
0.12268
0.12808
0.11006
0.12936
0.10429
0.11309
0.12471
0.12475
0.11388
0.11967
0.12928
0.12618
0.1156
0.14675
0.1132
0.11901
0.10263
0.13355
0.1268
0.1292
0.1137
0.10573
0.12697
0.11471
0.13442
0.11419
0.10689
0.22576
0.10531
