0.16695
0.1646
0.16238
0.16774
0.18083
0.1689
0.15766
0.15594
0.16952
0.16577
0.16712
0.16092
0.15142
0.16391
0.16446
0.16944
0.18011
0.1756
0.18897
0.18374
0.18199
0.19139
0.18891
0.19227
0.1984
0.20185
0.20722
0.21194
0.21152
0.23355
0.21151
0.22528
0.2335
0.21944
0.22257
0.22966
0.23306
0.18859
0.22872
0.22791
0.22853
0.22329
0.23179
0.23988
0.2542
0.23957
0.23692
0.24172
0.23639
0.23669
0.15096
0.15748
0.16225
0.15935
0.16864
0.16843
0.16768
0.17186
0.16645
0.16102
0.17097
0.17795
0.1815
0.1869
0.1951
0.20082
0.20155
0.204
0.20845
0.21671
0.21982
0.21173
0.21686
0.22511
0.23279
0.22522
0.23494
0.19457
0.18788
0.22837
0.24604
0.22998
0.22022
0.23984
0.24866
0.24337
0.2307
0.25776
0.24687
0.2431
0.24843
0.25995
0.25085
0.24479
0.24846
0.26004
0.24783
0.23729
0.25627
0.25506
0.15053
0.15135
0.15926
0.19196
0.19089
0.17783
0.20249
0.19014
0.20078
0.18973
0.20603
0.19863
0.21068
0.20772
0.22485
0.22784
0.23826
0.25065
0.24395
0.24185
0.24364
0.25859
0.24122
0.25987
0.245
0.25189
0.26072
0.27238
0.26113
0.25821
0.25493
0.26988
0.25435
0.25586
0.2706
0.26925
0.26574
0.26234
0.28497
0.24455
0.27132
0.26516
0.20625
0.26863
0.24235
0.27263
0.24617
0.23919
0.27171
0.2495
0.1563
0.20607
0.20295
0.14909
0.1544
0.14578
0.15509
0.15428
0.15622
0.14594
0.15583
0.15545
0.14822
0.16095
0.15957
0.17768
0.17718
0.18369
0.17229
0.19324
0.20317
0.18925
0.20725
0.24297
0.21877
0.21622
0.19912
0.19958
0.20504
0.23364
0.20901
0.36986
0.22921
0.23682
0.22794
0.22765
0.21628
0.2488
0.23092
0.24044
0.25733
0.23184
0.24315
0.22786
0.22276
0.2344
0.25925
0.26825
0.26253
0.23903
0.21583
0.24353
0.21213
0.24491
0.25828
0.26296
0.38452
0.2617
0.26142
0.34508
0.26897
0.25323
0.26035
0.28531
0.23855
0.27092
0.25182
0.27647
0.23535
0.26678
0.27975
0.25388
0.25102
0.24709
0.27638
0.36379
0.24468
0.33487
0.2497
0.33695
0.27959
0.24833
0.27899
0.29602
0.27607
0.277
0.25743
0.27343
0.24772
0.25692
0.30416
0.27323
0.24488
0.27805
0.21245
0.27248
0.24809
0.26663
0.27241
0.30787
